60.081502, 31.067087
59.935160, 31.735751
59.939830, 31.923200
59.999030, 32.311514
59.921030, 32.298670
59.754104, 32.086241
59.908665, 30.994726 5000
59.909532, 30.981540 2
59.875426, 30.984100 3
59.847250, 30.943262 1
59.848138, 30.957027
59.772319, 30.754044 -1
59.763742, 30.747568
59.741157, 30.610517
59.743892, 30.595154
59.446081, 31.241704
59.418397, 30.899117
59.454711, 30.582695
59.343368, 30.051891
59.382182, 29.789267
59.503059, 29.846920
59.746497, 29.615537
59.984082, 29.761094
59.859760, 30.908127
60.241876, 29.540849
60.242877, 29.868191
60.089439, 29.966804
60.203050, 30.231720
60.215130, 30.302220
60.153480, 30.522230
60.125841, 31.066349


